%Vec Object: Vec_0x84000000_1 1 MPI processes
%  type: mpi
Vec_0x84000000_1 = [
-1.0374783566657586e+00
-5.1827611325260002e-02
-3.8340080676080732e-02
-2.6306950331210270e-02
-2.4006578525669859e-02
-1.8654094332352530e-02
-9.1364045219613031e-03
-6.8052758511886391e-03
-3.1269363405922027e-03
-2.1408224483897946e-03
-9.8256663278281577e-04
-6.2856907027686651e-04
-2.7794639937890278e-04
-1.6749720110352715e-04
-6.9257632947086878e-05
-3.9628126659343381e-05
-1.4821470065175368e-05
-8.1209594180668078e-06
-2.6470857588845250e-06
-1.3949413773463105e-06
-3.8145668037107905e-07
-1.9417469169090214e-07
-4.2360188741453001e-08
-2.0901978601870852e-08
-3.3802500186288392e-09
-1.6170655539167377e-09
-1.7110251507785808e-10
-8.0479446354267698e-11
-3.9689804332411606e-12
-1.6323068630088653e-12
3.6847499503698706e-16
-4.3011517148410304e-14
1.3963506195850872e-15
1.0844252378420272e-14
-3.4669884239416529e-16
-2.4986764961403103e-15
7.8655705338177572e-17
5.5918082714795188e-16
-1.7447901637837228e-17
-1.2275202815128354e-16
3.8208078487441317e-18
2.6581379355381513e-17
-8.2742858097731925e-19
-5.7005089703957436e-18
1.7703421467359683e-19
1.2137408100794172e-18
-3.7288605012419750e-20
-2.5683604047325533e-19
7.6731618604721634e-21
5.3977452977663439e-20
-1.5195096782236985e-21
-1.1235203766235256e-20
2.8057710184221280e-22
2.3026917503044165e-21
-4.4623357797465142e-23
-4.5977989641234974e-22
4.4302711141966601e-24
8.7722725861794107e-23
6.6917535725688063e-25
-1.5407838091383711e-23
-6.1130185324598975e-25
2.2964422553796370e-24
2.4056651083198431e-25
-2.2904482803174063e-25
-6.2599826682674999e-26
-1.8424354211522596e-27
8.4399801762428671e-27
3.9152744806728797e-27
-2.4575644913069957e-02
-1.7113468092403102e-02
-1.2398221629646313e-02
-4.4518001579217084e-03
-1.3076168171146502e-03
-3.6255501908056664e-04
-9.1545951562078487e-05
-2.0505100719424396e-05
-4.0171908629953869e-06
-6.6080435063518269e-07
-8.8362394887486864e-08
-9.2069661385573617e-09
-6.7496766162169515e-10
-3.5964818679662857e-11
1.2349651008455674e-13
-2.0313555814909369e-13
4.6728805630812150e-14
-1.0273436711336365e-14
2.1916761646842167e-15
-4.5782174338455347e-16
9.4303851712526105e-17
-1.9260366874224204e-17
3.9167891891812502e-18
-7.9554130362931409e-19
1.6171115320624165e-19
-3.2928082473987606e-20
6.7140267228395764e-21
-1.3678782588172100e-21
2.7706309130477737e-22
-5.5239311153105940e-23
1.0633642727281995e-23
-1.8993597330612823e-24
2.8529877172724910e-25
-2.6616471918054291e-26
-1.4031756488635938e-02
-1.0900766504285673e-02
-6.6572800682517834e-03
-2.2457976361372383e-03
-6.3294403772965705e-04
-1.6941991226643774e-04
-4.0760789679445365e-05
-8.6898318992290462e-06
-1.6277995003580326e-06
-2.5764118538611534e-07
-3.2567772333151436e-08
-3.4336578733996715e-09
-1.9534988221255396e-10
-2.1676673946330382e-11
2.3249617575175438e-12
-5.6380585174528791e-13
1.1766166918296249e-13
-2.3466124113405912e-14
4.5147028291757564e-15
-8.4355230319586490e-16
1.5377590565338093e-16
-2.7419284930757854e-17
4.7832083712646886e-18
-8.1418096601252157e-19
1.3428669205148235e-19
-2.1151344399396979e-20
3.0853784915495200e-21
-3.8641601026527559e-22
3.1071761144971238e-23
2.7497677388345930e-24
-2.1313854496138107e-24
6.3692845001935006e-25
-1.2752207865056866e-25
1.3981974333717278e-26
-6.7415159790371439e-03
-5.3406040053233144e-03
-2.8427966500889465e-03
-7.8180295693839339e-04
-2.3135290927550663e-04
-5.9939777558332584e-05
-1.3726667792321285e-05
-2.8688616400381821e-06
-5.0185525203493980e-07
-8.1786163220245743e-08
-8.3443725119369075e-09
-1.2708405290192161e-09
2.2773599741114947e-11
-2.2195337555835614e-11
3.9069924557311482e-12
-7.4494701245321811e-13
1.2854095633945089e-13
-2.0096316902328204e-14
2.7260822540210610e-15
-2.7412419550218002e-16
1.0450793457282258e-18
1.0155667399145058e-17
-4.0134610713223928e-18
1.1861986676242372e-18
-3.1353766638507235e-19
7.8487662499838213e-20
-1.9093156826960261e-20
4.5691147796853574e-21
-1.0792401925606130e-21
2.5026924451353214e-22
-5.6006761398121803e-23
1.1617452385124952e-23
-2.0085725537350150e-24
2.0971709182801887e-25
-1.3699223368849284e-03
-8.0928792683596410e-04
-6.4520330705316621e-04
-1.7729221278921367e-04
-6.5094846058352118e-05
-1.3569970686878602e-05
-3.1850954941827823e-06
-6.7297970225314163e-07
-1.0318866275931672e-07
-2.1289915573275247e-08
-8.2008193857111858e-10
-4.8104173518175547e-10
4.8597209232537024e-11
-1.1288648200364441e-11
1.4858132304769468e-12
-1.1749893334862900e-13
-1.6976925493994076e-14
1.1184911112177113e-14
-3.5644831096661581e-15
9.1311884287362735e-16
-2.0846011676651658e-16
4.4201633083556734e-17
-8.9055321261659380e-18
1.7338397937498907e-18
-3.3193880491082988e-19
6.3929998659773994e-20
-1.2762361906354729e-20
2.7215492037585951e-21
-6.2781081592070249e-22
1.5361014575178158e-22
-3.7967807662455184e-23
8.8078816261966541e-24
-1.6673238159588851e-24
1.7781160334390283e-25
1.1342403664093570e-05
1.9141873838762843e-05
-1.1654603051678895e-05
-1.5144900614182497e-05
-1.2167658163169963e-05
-1.1754323729576230e-06
-5.5376821823760440e-07
-7.2609895191793871e-08
-1.3828350703840509e-08
-3.7373882475487912e-09
1.5810782605438246e-10
-1.1912006231960728e-10
1.4181737629656297e-11
-1.7616770291948856e-12
-8.1333258484548786e-15
5.2276089834382840e-14
-1.1649274705952906e-14
7.2400706528449360e-17
9.8722233656653682e-16
-5.0321998268072490e-16
1.8006960892545465e-16
-5.4813267961359933e-17
1.5148926287742362e-17
-3.9212930277656432e-18
9.6702967534020814e-19
-2.2939697443127450e-19
5.2592961895289126e-20
-1.1662923077353223e-20
2.4938028613070574e-21
-5.1000530970599629e-22
9.8183062528672559e-23
-1.7232167951367132e-23
2.5580674210992517e-24
-2.5389207455047079e-25
2.0756542267141905e-07
-1.0891522707541373e-06
9.1493014719869276e-07
-8.1754928054637152e-09
1.8028525285069213e-08
1.2844312455339141e-07
-1.8289323103338433e-07
2.3747606835027260e-08
-6.3112610267700163e-09
4.1772979441158024e-10
-5.8823536634549670e-11
-4.9149659853600701e-12
2.7252073956725529e-12
-1.0909345384108570e-12
4.1836287133405981e-13
-1.5421810770946380e-13
5.2196781387767279e-14
-1.6064970662894505e-14
4.5410534282480465e-15
-1.1965081228921877e-15
2.9798507882460665e-16
-7.0977963455115590e-17
1.6325681610952690e-17
-3.6536307416381410e-18
8.0014588623039721e-19
-1.7215779231657227e-19
3.6469305306182215e-20
-7.6064659219105359e-21
1.5577126270965444e-21
-3.1101216594442625e-22
5.9653105547655974e-23
-1.0636658783163264e-23
1.6138450214511268e-24
-1.5615224155514172e-25
2.6202390609221291e-08
6.0682009832523107e-08
-3.6215768521228954e-08
1.7476529867830019e-08
1.4295163804129255e-08
-1.6028149360287487e-08
-2.5985353138980402e-09
1.1088475024110914e-08
-4.3642991298320583e-09
8.8753621028545909e-10
-1.9050962762163662e-10
3.1198700038290390e-11
-4.7581119625039034e-12
4.5347480058038643e-13
4.8780966294596417e-14
-4.6389858958895865e-14
1.7917811311205407e-14
-5.3659513526402647e-15
1.3994862548368128e-15
-3.3222198292613166e-16
7.3538040058859282e-17
-1.5412104316897474e-17
3.0887444929132640e-18
-5.9516312985162333e-19
1.1031530177494480e-19
-1.9549027738650215e-20
3.2578093216236766e-21
-4.9200581876284245e-22
6.1335831940424692e-23
-4.2532452712887320e-24
-6.7237516878592666e-25
3.4106602575293870e-25
-5.4680167419353295e-26
-5.7353989064542768e-27
5.4286847133069924e-08
2.2702317001295155e-08
3.5615066181972023e-09
-8.4907486094773779e-09
-6.1859030033258348e-09
3.2159270898124158e-09
1.4945494758029151e-09
-1.4717208654909562e-10
-1.4720193905612287e-10
3.2163534573866012e-10
-1.0472606080753208e-10
2.5265569473316319e-11
-5.5646241160434379e-12
1.0903723033508481e-12
-1.9902353320488561e-13
3.1222380650465085e-14
-3.8596366694825604e-15
1.6007033680770621e-16
1.1787763356363705e-16
-6.0071375418079042e-17
2.0956699459827651e-17
-6.3755215877544748e-18
1.8005807437860113e-18
-4.8325913391931455e-19
1.2454884930565055e-19
-3.0982699779672410e-20
7.4575555731984506e-21
-1.7378154912639889e-21
3.9137952915221026e-22
